//spiral_out_mintime_Trans_23_intlvs_2_res_2_2167pts.txt
#33.095681379 33.252087304
0.000000000 0.000000000
0.000000000 0.000000000
0.000000000 0.000000000
0.000000000 0.000000000
0.000000000 0.000000000
0.000000000 0.000000000
0.000000000 0.000000000
0.000000000 0.000000000
0.000000000 0.000000000
0.000000000 0.000000000
0.000000000 0.000000000
0.000000000 0.000000000
0.000000000 0.000000000
0.000000000 0.000000000
0.000000000 0.000000000
0.000000000 0.000000000
0.000000000 0.000000000
0.000000000 0.000000000
0.000000000 0.000000000
0.000000000 0.000000000
0.000000000 0.000000000
0.000000000 0.000000000
0.000000000 0.000000000
0.000000000 0.000000000
0.000000000 0.000000000
0.000000000 0.000000000
0.000000000 0.000000000
0.000000000 0.000000000
0.000000000 0.000000000
0.000000000 0.000000000
0.000000000 0.000000000
0.000000000 0.000000000
0.000000000 0.000000000
0.000000000 0.000000000
0.000000000 0.000000000
0.000000000 0.000000000
0.000000000 0.000000000
0.000000000 0.000000000
0.000000000 0.000000000
0.000000000 0.000000000
0.000000000 0.000000000
0.000000000 0.000000000
0.000000000 0.000000000
0.000000000 0.000000000
0.000000000 0.000000000
0.000000000 0.000000000
0.000000000 0.000000000
0.000000000 0.000000000
0.000000000 0.000000000
0.000000000 0.000000000
0.000000000 0.000000000
0.000000000 0.000000000
0.000000000 0.000000000
0.000000000 0.000000000
0.000000000 0.000000000
0.000000000 0.000000000
0.000000000 0.000000000
0.000000000 0.000000000
0.000000000 0.000000000
0.000000000 0.000000000
0.000000000 0.000000000
0.000000000 0.000000000
0.000000000 0.000000000
0.000000000 0.000000000
0.000000000 0.000000000
0.000000000 0.000000000
0.000000000 0.000000000
0.000000000 0.000000000
0.000000000 0.000000000
0.000000000 0.000000000
0.000000000 0.000000000
0.000000000 0.000000000
0.000000000 0.000000000
0.000000000 0.000000000
0.000000000 0.000000000
0.000000000 0.000000000
0.000000000 0.000000000
0.000000000 0.000000000
0.000000000 0.000000000
0.000000000 0.000000000
0.000000000 0.000000000
0.030215423 0.030073300
0.060430845 0.060146600
0.030215423 0.030073300
0.000000000 0.000000000
-0.030215423 -0.030073300
-0.060430845 -0.060146600
-0.030215423 -0.030073300
0.000000000 0.000000000
0.000000000 0.000000000
0.000000000 0.000000000
0.000000000 0.000000000
0.000000000 0.000000000
0.000000000 0.000000000
0.000000000 0.000000000
0.000000000 0.000000000
0.000000000 0.000000000
0.000000000 0.000000000
0.000000000 0.000000000
0.040202703 0.020431405
0.012044573 0.061542918
-0.044323342  0.064915939
-0.088917264  0.029784820
-0.103784752 -0.024884769
-0.087145638 -0.079048236
-0.046223838 -0.118427282
0.008098335 -0.135415861
0.064594601 -0.128185765
0.113611735 -0.099267604
0.148060830 -0.054069392
0.163777186 0.000480759
0.159447392 0.057081075
0.136251132 0.108953645
0.097333018 0.150485009
0.047195385 0.177622203
-0.008917651  0.188050368
-0.065592678  0.181186560
-0.117739891  0.158028718
-0.160984269  0.120899668
-0.191944669  0.073124479
-0.208400163  0.018675940
-0.209350437 -0.038181796
-0.194982625 -0.093226884
-0.166560595 -0.142572038
-0.126254760 -0.182902381
-0.076931099 -0.211651239
-0.021917590 -0.227111172
0.035235205 -0.228481536
0.090984711 -0.215857399
0.142005914 -0.190167098
0.185370547 -0.153067597
0.218689310 -0.106807855
0.240213315 -0.054070791
0.248893457 0.002195746
0.244398714 0.058949230
0.227096265 0.113215231
0.197997862 0.162235332
0.158678022 0.203594282
0.111170343 0.235322079
0.057848642 0.255968273
0.001299595 0.264647241
-0.055806609  0.261054798
-0.110841722  0.245457353
-0.161335751  0.218656443
-0.205079690  0.181931619
-0.240211415  0.136966058
-0.265282036  0.085758831
-0.279301608  0.030528708
-0.281763312 -0.026386243
-0.272647001 -0.082628798
-0.252402731 -0.135918561
-0.221916658 -0.184140222
-0.182461463 -0.225421213
-0.135634148 -0.258196411
-0.083284287 -0.281258237
-0.027435860 -0.293790609
0.029793645 -0.295387755
0.086274422 -0.286056056
0.139942284 -0.266201701
0.188871244 -0.236604293
0.231338129 -0.198378066
0.265877399 -0.152923037
0.291325113 -0.101868344
0.306850570 -0.047009668
0.311975640 0.009756432
0.306581435 0.066499178
0.290902901 0.121318922
0.265511783 0.172409058
0.231289453 0.218112751
0.189390504 0.256972733
0.141199074 0.287773122
0.088279288 0.309572088
0.032321786 0.321724944
-0.024911947  0.323897078
-0.081645539  0.316067095
-0.136142386  0.298520279
-0.186757360  0.271832960
-0.231984088  0.236848630
-0.270496784  0.194647073
-0.301185377  0.146507260
-0.323183305  0.093865672
-0.335887493  0.038271322
-0.338970143 -0.018661153
-0.332382446 -0.075298905
-0.316350097 -0.130037418
-0.291361602 -0.181344975
-0.258149237 -0.227803782
-0.217664184 -0.268146938
-0.171046090 -0.301290149
-0.119588478 -0.326357700
-0.064700925 -0.342702124
-0.007869104 -0.349917223
0.049386107 -0.347844307
0.105549411 -0.336571994
0.159150670 -0.316429147
0.208802326 -0.287972166
0.253233766 -0.251966498
0.291321815 -0.209363317
0.322116761 -0.161272072
0.344863390 -0.108929710
0.359016588 -0.053667412
0.364251376 0.003124189
0.360467360 0.060030456
0.347787338 0.115647977
0.326550725 0.168618680
0.297301765 0.217662091
0.260773084 0.261604996
0.217865108 0.299407845
0.169621967 0.330187425
0.117204521 0.353235345
0.061861209 0.368031954
0.004897517 0.374255616
-0.052355243  0.371787208
-0.108571096  0.360709754
-0.162459770  0.341303524
-0.212795645  0.314036727
-0.258444618  0.279552098
-0.298388365  0.238649852
-0.331745519  0.192267464
-0.357789381  0.141456782
-0.375961856  0.087359077
-0.385883332  0.031178589
-0.387358637 -0.025844741
-0.380378603 -0.082462840
-0.365117834 -0.137446685
-0.341928349 -0.189612558
-0.311329687 -0.237846851
-0.273995545 -0.281128890
-0.230737447 -0.318551392
-0.182485751 -0.349338103
-0.130268585 -0.372858437
-0.075189057 -0.388638735
-0.018401365 -0.396370091
0.038913741 -0.395912691
0.095573602 -0.387296478
0.150417900 -0.370718460
0.202332017 -0.346536556
0.250269087 -0.315260402
0.293270276 -0.277539153
0.330482973 -0.234146771
0.361176515 -0.185965015
0.384755288 -0.133964651
0.400768877 -0.079185136
0.408919219 -0.022713343
0.409064657 0.034338307
0.401220902 0.090853864
0.385558817 0.145735553
0.362399408 0.197924789
0.332205916 0.246422125
0.295573305 0.290305733
0.253215337 0.328747997
0.205949883 0.361030345
0.154682163 0.386555531
0.100386754 0.404857514
0.044088584 0.415608740
-0.013156718  0.418624725
-0.070282774  0.413866113
-0.126232329  0.401437597
-0.179976555  0.381584472
-0.230533680  0.354686838
-0.276986393  0.321251055
-0.318497795  0.281899216
-0.354325789  0.237356769
-0.383835439  0.188438299
-0.406509263  0.136031986
-0.421955296  0.081082977
-0.429912779  0.024575967
-0.430255418 -0.032482668
-0.422992413 -0.089082864
-0.408266687 -0.144228675
-0.386351332 -0.196955620
-0.357643300 -0.246347150
-0.322655467 -0.291550168
-0.282006538 -0.331789167
-0.236409343 -0.366378849
-0.186657682 -0.394735020
-0.133611985 -0.416383669
-0.078183957 -0.430967926
-0.021320641 -0.438253106
0.036011980 -0.438129441
0.092845424 -0.430612776
0.148225021 -0.415843212
0.201225755 -0.394081489
0.250967409 -0.365703582
0.296628803 -0.331193424
0.337460827 -0.291133859
0.372798148 -0.246196147
0.402069386 -0.197128137
0.424805630 -0.144741333
0.440647171 -0.089897084
0.449348389 -0.033492137
0.450780722 0.023556214
0.444933700 0.080325111
0.431914062 0.135901021
0.411943110 0.189394323
0.385352067 0.239953286
0.352575927 0.286777316
0.314145673 0.329129244
0.270679012 0.366346404
0.222869936 0.397850465
0.171477176 0.423155806
0.117311776 0.441876331
0.061224005 0.453730666
0.004089808 0.458545656
-0.053202979  0.456258179
-0.109768447  0.446915185
-0.164736230  0.430672068
-0.217264753  0.407789458
-0.266553842  0.378628285
-0.311856637  0.343643569
-0.352490467  0.303376661
-0.387846694  0.258446391
-0.417399335  0.209539116
-0.440712319  0.157397843
-0.457445323  0.102810625
-0.467358069  0.046598412
-0.470313185 -0.010397423
-0.466277474 -0.067327771
-0.455321478 -0.123348430
-0.437617719 -0.177632517
-0.413437471 -0.229382578
-0.383145789 -0.277841982
-0.347195662 -0.322305763
-0.306120668 -0.362130512
-0.260526537 -0.396743206
-0.211081955 -0.425649130
-0.158508284 -0.448438289
-0.103568863 -0.464790801
-0.047057691 -0.474480856
0.010212205 -0.477379087
0.067420498 -0.473453992
0.123751322 -0.462771342
0.178404856 -0.445492879
0.230608485 -0.421873003
0.279627601 -0.392254793
0.324775618 -0.357064344
0.365423285 -0.316804262
0.401007173 -0.272046123
0.431036891 -0.223421855
0.455101706 -0.171614721
0.472875336 -0.117349246
0.484120152 -0.061381054
0.488689791 -0.004486140
0.486530366 0.052549960
0.477680803 0.108942998
0.462271588 0.163920792
0.440522233 0.216733643
0.412737845 0.266664427
0.379304381 0.313038154
0.340682754 0.355230760
0.297402186 0.392677228
0.250052617 0.424878819
0.199276369 0.451409371
0.145759138 0.471920449
0.090220571 0.486145522
0.033404451 0.493902982
-0.023931361  0.495098054
-0.081025090  0.489723399
-0.137121140  0.477858689
-0.191480024  0.459668959
-0.243388001  0.435401921
-0.292166279  0.405384154
-0.337179680  0.370016329
-0.377844664  0.329767496
-0.413636600  0.285168544
-0.444096211  0.236804899
-0.468835110  0.185308591
-0.487540378  0.131349794
-0.499978157  0.075627942
-0.505996097  0.018862532
-0.505524855 -0.038216215
-0.498578498 -0.094876785
-0.485253697 -0.150395711
-0.465728094 -0.204066741
-0.440257559 -0.255209744
-0.409172320 -0.303179098
-0.372872470 -0.347371689
-0.331822490 -0.387234288
-0.286544969 -0.422270181
-0.237613693 -0.452045064
-0.185646163 -0.476192106
-0.131295615 -0.494416118
-0.075242681 -0.506496833
-0.018186752 -0.512291258
0.039162838 -0.511734861
0.096095596 -0.504841855
0.151908709 -0.491704942
0.205915583 -0.472493171
0.257454300 -0.447449915
0.305895465 -0.416889063
0.350649770 -0.381190967
0.391174991 -0.340797435
0.426982276 -0.296205922
0.457641816 -0.247963201
0.482787653 -0.196658414
0.502121743 -0.142915741
0.515417285 -0.087386698
0.522520985 -0.030742089
0.523354358 0.026336162
0.517914375 0.083163200
0.506273197 0.139059496
0.488576613 0.193358897
0.465042019 0.245416455
0.435955569 0.294616043
0.401668285 0.340377491
0.362591364 0.382163052
0.319191452 0.419483895
0.271984435 0.451905278
0.221529201 0.479051326
0.168421081 0.500609556
0.113284349 0.516333562
0.056765039 0.526046044
-0.000476817  0.529640333
-0.057774912  0.527080994
-0.114464431  0.518404491
-0.169889685  0.503717530
-0.223411747  0.483196305
-0.274415572  0.457083402
-0.322317111  0.425685172
-0.366569703  0.389367535
-0.406670225  0.348551659
-0.442164607  0.303708815
-0.472652701  0.255354707
-0.497792620  0.204043423
-0.517304280  0.150360915
-0.530972248  0.094918194
-0.538647929  0.038344312
-0.540250659 -0.018720863
-0.535768751 -0.075633881
-0.525258525 -0.131754946
-0.508844276 -0.186455170
-0.486715538 -0.239123376
-0.459125507 -0.289173056
-0.426387335 -0.336048626
-0.388870473 -0.379231421
-0.346996592 -0.418245578
-0.301234096 -0.452662583
-0.252093204 -0.482106234
-0.200119913 -0.506256434
-0.145889671 -0.524852047
-0.090001212 -0.537694171
-0.033069606 -0.544647465
0.024280441 -0.545641354
0.081421459 -0.540670907
0.137730131 -0.529796170
0.192593963 -0.513141147
0.245417985 -0.490892531
0.295631116 -0.463297140
0.342692119 -0.430658824
0.386095367 -0.393335100
0.425376243 -0.351733104
0.460115799 -0.306304781
0.489944980 -0.257541839
0.514548508 -0.205970419
0.533667991 -0.152145243
0.547104339 -0.096643506
0.554719526 -0.040058633
0.556437919 0.017006064
0.552246779 0.073943868
0.542196081 0.130151125
0.526397619 0.185033593
0.505023604 0.238012681
0.478304541 0.288531457
0.446526580 0.336060428
0.410028252 0.380103000
0.369196630 0.420200496
0.324463070 0.455936786
0.276298509 0.486942435
0.225208386 0.512898352
0.171727221 0.533538883
0.116412930 0.548654337
0.059840926 0.558092888
0.002598093 0.561761905
-0.054723339  0.559628633
-0.111531923  0.551720259
-0.167243070  0.538123346
-0.221285044  0.518982734
-0.273104752  0.494499734
-0.322173341  0.464929859
-0.367991475  0.430579939
-0.410094341  0.391804810
-0.448056171  0.349003420
-0.481494464  0.302614653
-0.510073642  0.253112646
-0.533508240  0.201001847
-0.551565599  0.146811789
-0.564067979  0.091091624
-0.570894104  0.034404504
-0.571980143 -0.022678144
-0.567320104 -0.079582394
-0.556965647 -0.135737590
-0.541025315 -0.190582042
-0.519663214 -0.243568602
-0.493097132 -0.294170063
-0.461596136 -0.341884315
-0.425477699 -0.386239246
-0.385104320 -0.426797291
-0.340879753 -0.463159613
-0.293244860 -0.494969932
-0.242673045 -0.521917772
-0.189665527 -0.543741462
-0.134746215 -0.560230382
-0.078456508 -0.571226876
-0.021349907 -0.576627608
0.036013471 -0.576384263
0.093072376 -0.570503863
0.149269919 -0.559048450
0.204058984 -0.542134270
0.256907511 -0.519930405
0.307303616 -0.492656924
0.354760447 -0.460582499
0.398820778 -0.424021619
0.439061331 -0.383331392
0.475096755 -0.338907954
0.506583220 -0.291182478
0.533221389 -0.240616779
0.554759270 -0.187698880
0.570994324 -0.132938168
0.581775323 -0.076860481
0.587003607 -0.020002986
0.586633754 0.037091027
0.580673516 0.093877285
0.569184083 0.149815722
0.552279092 0.204375666
0.530123070 0.257040746
0.502929855 0.307313706
0.470960473 0.354721078
0.434520550 0.398817666
0.393957018 0.439190494
0.349654671 0.475462434
0.302032675 0.507295874
0.251540396 0.534395733
0.198652914 0.556511752
0.143866672 0.573440930
0.087694717 0.585029347
0.030661746 0.591172884
-0.026700669  0.591818510
-0.083859132  0.586964539
-0.140283390  0.576660202
-0.195451132  0.561004923
-0.248852975  0.540147841
-0.299996923  0.514285438
-0.348412886  0.483659967
-0.393657157  0.448557261
-0.435315939  0.409303300
-0.473009384  0.366261638
-0.506395093  0.319829875
-0.535170371  0.270435388
-0.559075815  0.218532015
-0.577896859  0.164595314
-0.591465528  0.109118287
-0.599662596  0.052606986
-0.602417141 -0.004424402
-0.599708495 -0.061458023
-0.591565061 -0.117977188
-0.578064467 -0.173470972
-0.559332745 -0.227438912
-0.535542358 -0.279395224
-0.506911678 -0.328873638
-0.473701230 -0.375430702
-0.436213027 -0.418650762
-0.394785929 -0.458148340
-0.349794034 -0.493572767
-0.301641969 -0.524609984
-0.250762049 -0.550986215
-0.197609773 -0.572469527
-0.142660004 -0.588872279
-0.086402476 -0.600052147
-0.029337550 -0.605913744
0.028028370 -0.606408749
0.085187283 -0.601536751
0.141634083 -0.591344423
0.196871089 -0.575925717
0.250412197 -0.555419920
0.301787506 -0.530011464
0.350546774 -0.499926691
0.396264161 -0.465433365
0.438540780 -0.426836456
0.477009329 -0.384476984
0.511335998 -0.338727551
0.541224224 -0.289989929
0.566416578 -0.238690938
0.586696875 -0.185278765
0.601892560 -0.130219204
0.611874853 -0.073991168
0.616561213 -0.017082881
0.615914416 0.040012663
0.609943774 0.096801807
0.598704678 0.152794627
0.582297172 0.207508921
0.560866413 0.260474683
0.534599870 0.311237758
0.503726178 0.359363760
0.468513546 0.404442206
0.429265757 0.446088732
0.386321504 0.483949902
0.340049948 0.517705088
0.290847651 0.547068941
0.239135665 0.571794519
0.185355432 0.591674768
0.129964979 0.606543969
0.073435127 0.616279091
0.016245505 0.620801615
-0.041119771  0.620076313
-0.098175995  0.614112984
-0.154442115  0.602965567
-0.209444498  0.586730867
-0.262721267  0.565549183
-0.313825963  0.539601818
-0.362331099  0.509109462
-0.407831836  0.474330593
-0.449949379  0.435559184
-0.488334075  0.393122027
-0.522667432  0.347375350
-0.552666242  0.298703020
-0.578083486  0.247512101
-0.598710848  0.194229882
-0.614379917  0.139300105
-0.624963978  0.083179436
-0.630378772  0.026333500
-0.630582794 -0.030767027
-0.625577578 -0.087650247
-0.615407732 -0.143846932
-0.600160467 -0.198894456
-0.579964520 -0.252340547
-0.554988944 -0.303746908
-0.525441746 -0.352692810
-0.491568111 -0.398778543
-0.453648160 -0.441628590
-0.411994563 -0.480894619
-0.366949783 -0.516258108
-0.318883389 -0.547433036
-0.268188886 -0.574168080
-0.215280397 -0.596248486
-0.160589264 -0.613497767
-0.104560466 -0.625778959
-0.047648981 -0.632995483
0.009683873 -0.635092078
0.066974250 -0.632055023
0.123759544 -0.623912120
0.179581980 -0.610731856
0.233992531 -0.592623867
0.286554265 -0.569736735
0.336845932 -0.542257307
0.384465282 -0.510408953
0.429032214 -0.474449633
0.470191788 -0.434669780
0.507616956 -0.391389825
0.541011194 -0.344957619
0.570110301 -0.295745292
0.594685223 -0.244146749
0.614543390 -0.190574083
0.629529004 -0.135454033
0.639526970 -0.079225360
0.644460351 -0.022334413
0.644293493 0.034767825
0.639030670 0.091629589
0.628716538 0.147801820
0.613435563 0.202841733
0.593310817 0.256316110
0.568503922 0.307805044
0.539212640 0.356904890
0.505669578 0.403231440
0.468140420 0.446423015
0.426921498 0.486143067
0.382337515 0.522082809
0.334738941 0.553963600
0.284499124 0.581538951
0.232011347 0.604596373
0.177685699 0.622958908
0.121945867 0.636486481
0.065225766 0.645076798
0.007966163 0.648666069
-0.049388783  0.647229513
-0.106394927  0.640780915
-0.162611603  0.629373191
-0.217604961  0.613097193
-0.270951459  0.592081542
-0.322240879  0.566490805
-0.371079719  0.536524803
-0.417093607  0.502416066
-0.459930908  0.464429182
-0.499264952  0.422857873
-0.534796099  0.378022497
-0.566254815  0.330268264
-0.593402674  0.279961758
-0.616035129  0.227488734
-0.633981725  0.173250502
-0.647108732  0.117661420
-0.655318907  0.061145239
-0.658552344  0.004132081
-0.656787572 -0.052944839
-0.650040785 -0.109652619
-0.638365906 -0.165561887
-0.621853918 -0.220249988
-0.600632350 -0.273304221
-0.574864113 -0.324324942
-0.544746088 -0.372928506
-0.510507583 -0.418750117
-0.472408513 -0.461446509
-0.430737344 -0.500698420
-0.385809014 -0.536213123
-0.337962294 -0.567726374
-0.287557223 -0.595004318
-0.234972362 -0.617845112
-0.180601943 -0.636080312
-0.124853020 -0.649576649
-0.068142064 -0.658235854
-0.010892115 -0.661995975
0.046470470 -0.660831972
0.103519185 -0.654754799
0.159830611 -0.643812665
0.214987414 -0.628089115
0.268581591 -0.607703431
0.320217332 -0.582808988
0.369513867 -0.553592150
0.416108429 -0.520271122
0.459658725 -0.483093923
0.499845468 -0.442336613
0.536374678 -0.398301173
0.568979709 -0.351313156
0.597423131 -0.301719266
0.621498422 -0.249884785
0.641031487 -0.196190869
0.655881808 -0.141031665
0.665943258 -0.084811368
0.671144838 -0.027941279
0.671451088 0.029163192
0.666862409 0.086085579
0.657414942 0.142411444
0.643179956 0.197731348
0.624263312 0.251643766
0.600804794 0.303758025
0.572977017 0.353697177
0.540983870 0.401100604
0.505059112 0.445626656
0.465464299 0.486954783
0.422487401 0.524788276
0.376440275 0.558856112
0.327656361 0.588914819
0.276488116 0.614749839
0.223304835 0.636177674
0.168489671 0.653046836
0.112436793 0.665238582
0.055548649 0.672667754
-0.001766892  0.675283656
-0.059099581  0.673070286
-0.116039702  0.666045816
-0.172180893  0.654262647
-0.227123199  0.637807505
-0.280475867  0.616800119
-0.331859906  0.591392090
-0.380910921  0.561766276
-0.427281906  0.528135551
-0.470645137  0.490740414
-0.510694595  0.449847672
-0.547148657  0.405748940
-0.579751208  0.358757671
-0.608273601  0.309207273
-0.632516723  0.257448965
-0.652311991  0.203848917
-0.667521772  0.148785510
-0.678041440  0.092647091
-0.683799740  0.035828922
-0.684758158 -0.021269642
-0.680912498 -0.078247777
-0.672292419 -0.134706202
-0.658960270 -0.190249777
-0.641011763 -0.244490385
-0.618574940 -0.297049748
-0.591808225 -0.347561575
-0.560900694 -0.395674670
-0.526069865 -0.441055104
-0.487559766 -0.483388056
-0.445640354 -0.522380944
-0.400604442 -0.557764520
-0.352765890 -0.589294658
-0.302458106 -0.616755198
-0.250030499 -0.639957571
-0.195846870 -0.658743133
-0.140282829 -0.672984816
-0.083722587 -0.682585811
-0.026556953 -0.687482655
0.030819824 -0.687643715
0.088012535 -0.683069976
0.144627909 -0.673795713
0.200277044 -0.659886293
0.254578465 -0.641440005
0.307160345 -0.618585348
0.357663117 -0.591480912
0.405742334 -0.560314723
0.451069952 -0.525301285
0.493338056 -0.486682262
0.532259207 -0.444722528
0.567569871 -0.399710092
0.599031184 -0.351952994
0.626430635 -0.301777467
0.649584330 -0.249526063
0.668336383 -0.195554447
0.682562355 -0.140229957
0.692167224 -0.083928145
0.697088738 -0.027030952
0.697295420 0.030076370
0.692788258 0.087007621
0.683599998 0.143378388
0.669794585 0.198808498
0.651467699 0.252924846
0.628744346 0.305363380
0.601780121 0.355772334
0.570757602 0.403813429
0.535887731 0.449165589
0.497405596 0.491525257
0.455571482 0.530610461
0.410666584 0.566160431
0.362993153 0.597939400
0.312870838 0.625736205
0.260635895 0.649367812
0.206637393 0.668677534
0.151236452 0.683539634
0.094802419 0.693856301
0.037711409 0.699561873
-0.019656868  0.700619672
-0.076921280  0.697025691
-0.133701873  0.688805038
-0.189622613  0.676015216
-0.244313356  0.658742189
-0.297413046  0.637103070
-0.348571123  0.611242229
-0.397450877  0.581332941
-0.443730600  0.547574026
-0.487106537  0.510190006
-0.527294278  0.469428684
-0.564030723  0.425559737
-0.597076235  0.378873214
-0.626214932  0.329676707
-0.651258015  0.278294564
-0.672042425  0.225064306
-0.688434669  0.170335732
-0.700328819  0.114467485
-0.707649565  0.057825484
-0.710351006  0.000780053
-0.708417359 -0.056296289
-0.701863894 -0.113031389
-0.690734563 -0.169055666
-0.675104717 -0.224004939
-0.655077334 -0.277522170
-0.630784840 -0.329260368
-0.602386870 -0.378884513
-0.570069067 -0.426073451
-0.534043191 -0.470522907
-0.494543525 -0.511945849
-0.451827504 -0.550076011
-0.406172521 -0.584668377
-0.357874482 -0.615500848
-0.307246487 -0.642376754
-0.254615554 -0.665124009
-0.200321682 -0.683598288
-0.144714931 -0.697682712
-0.088153236 -0.707288130
-0.031000420 -0.712355528
0.026376576 -0.712853865
0.083609733 -0.708781949
0.140332560 -0.700168391
0.196182138 -0.687069602
0.250801754 -0.669571679
0.303843090 -0.647788524
0.354967969 -0.621860447
0.403851435 -0.591955209
0.450182897 -0.558264914
0.493668211 -0.521005407
0.534032409 -0.480415743
0.571020084 -0.436755066
0.604397538 -0.390301802
0.633955183 -0.341352316
0.659506806 -0.290217652
0.680892176 -0.237222643
0.697978347 -0.182703674
0.710658730 -0.127005940
0.718854814 -0.070481813
0.722517402 -0.013488522
0.721625046 0.043614361
0.716185054 0.100466926
0.706234099 0.156711389
0.691836532 0.211994223
0.673084406 0.265968262
0.650097685 0.318295214
0.623022458 0.368647533
0.592029841 0.416710201
0.557315770 0.462183180
0.519099330 0.504783214
0.477620658 0.544244890
0.433140195 0.580322801
0.385937209 0.612793543
0.336307172 0.641456068
0.284560228 0.666133033
0.231019570 0.686672504
0.176019195 0.702948884
0.119901443 0.714862302
0.063015382 0.722340549
0.005714410 0.725339371
-0.051646029  0.723842021
-0.108710524  0.717859425
-0.165125900  0.707430441
-0.220543529  0.692621691
-0.274621385  0.673526525
-0.327025973  0.650264314
-0.377434639  0.622980381
-0.425537612  0.591844858
-0.471039503  0.557050983
-0.513661213  0.518814258
-0.553141794  0.477371262
-0.589240161  0.432978147
-0.621736058  0.385908603
-0.650431476  0.336452364
-0.675152020  0.284913538
-0.695748088  0.231608708
-0.712095437  0.176864786
-0.724095674  0.121017006
-0.731677175  0.064407009
-0.734795511  0.007380699
-0.733433665 -0.049713939
-0.727601667 -0.106528949
-0.717336747 -0.162718469
-0.702703105 -0.217940841
-0.683791575 -0.271860745
-0.660718867 -0.324151223
-0.633626615 -0.374495536
-0.602680682 -0.422589108
-0.568070113 -0.468141364
-0.530006000 -0.510877525
-0.488720142 -0.550540299
-0.444463306 -0.586891072
-0.397503990 -0.619711583
-0.348126663 -0.648805081
-0.296630113 -0.673997644
-0.243325525 -0.695139092
-0.188534561 -0.712103788
-0.132587411 -0.724791269
-0.075820846 -0.733126908
-0.018576180 -0.737062346
0.038802813 -0.736575754
0.095971981 -0.731671864
0.152588852 -0.722381828
0.208314647 -0.708762932
0.262816316 -0.690898348
0.315768514 -0.668896529
0.366855536 -0.642890531
0.415773229 -0.613037209
0.462230725 -0.579516132
0.505952141 -0.542528477
0.546678185 -0.502295812
0.584167707 -0.459058782
0.618199079 -0.413075610
0.648571476 -0.364620537
0.675106063 -0.313982170
0.697647003 -0.261461725
0.716062250 -0.207371183
0.730244340 -0.152031466
0.740110947 -0.095770512
0.745605436 -0.038921345
0.746697015 0.018179932
0.743380956 0.075196116
0.735678514 0.131790898
0.723636844 0.187630857
0.707328512 0.242387398
0.686851164 0.295738694
0.662326767 0.347371518
0.633901025 0.396983141
0.601742307 0.444283014
0.566040749 0.488994519
0.527007002 0.530856507
0.484871004 0.569624824
0.439880616 0.605073738
0.392300081 0.636997175
0.342408471 0.665209879
0.290498056 0.689548519
0.236872530 0.709872514
0.181845255 0.726064887
0.125737391 0.738032807
0.068876047 0.745708246
0.011592324 0.749048153
-0.045780590  0.748034721
-0.102909364  0.742675505
-0.159462469  0.733003258
-0.215112088  0.719075707
-0.269536014  0.700975182
-0.322419504  0.678808085
-0.373457074  0.652704219
-0.422354265  0.622816017
-0.468829349  0.589317649
-0.512614863  0.552403871
-0.553459135  0.512288914
-0.591127836  0.469205325
-0.625405067  0.423402372
-0.656094800  0.375144789
-0.683021803  0.324711089
-0.706032685  0.272391993
-0.724996729  0.218488732
-0.739806597  0.163311292
-0.750378855  0.107176612
-0.756654507  0.050406779
-0.758599180 -0.006672850
-0.756203366 -0.063735505
-0.749482338 -0.120454871
-0.738476136 -0.176506966
-0.723249140 -0.231571963
-0.703889811 -0.285336032
-0.680510057 -0.337493109
-0.653244533 -0.387746606
-0.622249906 -0.435811115
-0.587703890 -0.481414002
-0.549804157 -0.524296904
-0.508767234 -0.564217203
-0.464827223 -0.600949372
-0.418234439 -0.634286218
-0.369253936 -0.664039993
-0.318164029 -0.690043479
-0.265254656 -0.712150860
-0.210825731 -0.730238507
-0.155185428 -0.744205650
-0.098648427 -0.753974899
-0.041534127 -0.759492636
0.015835163 -0.760729265
0.073136049 -0.757679392
0.130045869 -0.750361707
0.186244521 -0.738818961
0.241416234 -0.723117548
0.295251357 -0.703347200
0.347448078 -0.679620400
0.397714109 -0.652071707
0.445768281 -0.620856931
0.491342145 -0.586152304
0.534181413 -0.548153377
0.574047370 -0.507073930
0.610718193 -0.463144745
0.643990119 -0.416612260
0.673678631 -0.367737215
0.699619342 -0.316793103
0.721668965 -0.264064681
0.739706082 -0.209846352
0.753631630 -0.154440462
0.763369653 -0.098155683
0.768867485 -0.041305218
0.770096046 0.015794911
0.767050051 0.072827630
0.759747913 0.129476581
0.748231588 0.185427860
0.732566356 0.240371765
0.712840380 0.294004487
0.689164213 0.346029798
0.661670123 0.396160668
0.630511346 0.444120846
0.595861159 0.489646342
0.557911927 0.532486880
0.516873988 0.572407242
0.472974483 0.609188547
0.426456054 0.642629413
0.377575508 0.672547053
0.326602357 0.698778225
0.273817327 0.721180093
0.219510806 0.739630994
0.163981243 0.754031114
0.107533470 0.764302987
0.050477004 0.770391712
-0.006875608  0.772265390
-0.064210530  0.769915308
-0.121214344  0.763355684
-0.177575758  0.752623793
-0.232987316  0.737779693
-0.287147019  0.718905670
-0.339760109  0.696106189
-0.390540439  0.669506664
-0.439212265  0.639253335
-0.485511474  0.605511942
-0.529187161  0.568467108
-0.570003008  0.528321285
-0.607738231  0.485293337
-0.642189222  0.439617784
-0.673170448  0.391543247
-0.700515171  0.341330945
-0.724076511  0.289253433
-0.743728340  0.235593149
-0.759365692  0.180640746
-0.770905381  0.124693579
-0.778286542  0.068054095
-0.781470822  0.011028147
-0.780442414 -0.046076650
-0.775208293 -0.102952562
-0.765798035 -0.159293394
-0.752263606 -0.214796112
-0.734679167 -0.269162492
-0.713140738 -0.322100795
-0.687765332 -0.373327228
-0.658690392 -0.422567454
-0.626073048 -0.469558039
-0.590089214 -0.514047815
-0.550932739 -0.555799283
-0.508814400 -0.594589998
-0.463960523 -0.630213567
-0.416611682 -0.662480557
-0.367021524 -0.691219546
-0.315455609 -0.716278405
-0.262189686 -0.737524695
-0.207508291 -0.754846464
-0.151703211 -0.768152848
-0.095071851 -0.777374063
-0.037915820 -0.782462487
0.019460801 -0.783392339
0.076753087 -0.780160382
0.133656879 -0.772784973
0.189870356 -0.761306582
0.245095612 -0.745787310
0.299040308 -0.726310796
0.351419280 -0.702981696
0.401955842 -0.675924664
0.450383246 -0.645283872
0.496446124 -0.611222356
0.539902114 -0.573921386
0.580522749 -0.533578925
0.618094644 -0.490408692
0.652420565 -0.444639054
0.683320757 -0.396512035
0.710633886 -0.346281908
0.734217407 -0.294213572
0.753948379 -0.240581305
0.769724228 -0.185667401
0.781463703 -0.129760723
0.789106562 -0.073154931
0.792613920 -0.016147051
0.791968481 0.040964010
0.787175245 0.097879091
0.778260789 0.154300417
0.765272908 0.209933048
0.748280539 0.264486348
0.727373985 0.317675738
0.702663836 0.369224102
0.674280028 0.418862989
0.642371505 0.466334054
0.607105897 0.511390785
0.568668003 0.553799470
0.527258735 0.593340224
0.483094167 0.629808073
0.436404948 0.663014732
0.387434429 0.692788954
0.336437319 0.718977039
0.283678742 0.741444114
0.229432917 0.760075300
0.173981274 0.774775319
0.117611179 0.785468982
0.060614610 0.792102209
0.003286499 0.794642473
-0.054076894  0.793077733
-0.111179292  0.787416945
-0.167726110  0.777691065
-0.223425979  0.763951691
-0.277992000  0.746270479
-0.331143404  0.724739708
-0.382607250  0.699471898
-0.432119279  0.670597983
-0.479425310  0.638267189
-0.524283256  0.602647143
-0.566463663  0.563921801
-0.605750585  0.522290477
-0.641943565  0.477967733
-0.674858412  0.431181775
-0.704327272  0.382172740
-0.730200176  0.331192111
-0.752346461  0.278501552
-0.770653862  0.224370799
-0.785029588  0.169076742
-0.795402107  0.112902235
-0.801719671  0.056134097
-0.803950733 -0.000938044
-0.802085744 -0.058023193
-0.796135606 -0.114830687
-0.786131198 -0.171071389
-0.772125128 -0.226459437
-0.754190070 -0.280713658
-0.732417691 -0.333558553
-0.706920088 -0.384726352
-0.677828083 -0.433958162
-0.645289640 -0.481004540
-0.609471104 -0.525627944
-0.570555096 -0.567603359
-0.528739005 -0.606718645
-0.484235569 -0.642777094
-0.437270737 -0.675597640
-0.388082096 -0.705014815
-0.336918996 -0.730881570
-0.284040251 -0.753068700
-0.229712743 -0.771464672
-0.174210982 -0.785978610
-0.117814795 -0.796538583
-0.060808246 -0.803091958
-0.003478404 -0.805607859
0.053886489 -0.804074487
0.110998129 -0.798500367
0.167569921 -0.788915591
0.223318055 -0.775368778
0.277963152 -0.757929133
0.331231880 -0.736685808
0.382857483 -0.711745520
0.432582271 -0.683234855
0.480158125 -0.651297543
0.525347342 -0.616093687
0.567925441 -0.577800972
0.607680227 -0.536611100
0.644413965 -0.492730441
0.677944981 -0.446379164
0.708106275 -0.397788483
0.734749142 -0.347201532
0.757742055 -0.294870747
0.776970992 -0.241056786
0.792342444 -0.186028055
0.803780358 -0.130058151
0.811229380 -0.073425467
0.814654116 -0.016411325
0.814037822 0.040701335
0.809385873 0.097629320
0.800721724 0.154090573
0.788089653 0.209805600
0.771553849 0.264499039
0.751196289 0.317900342
0.727119807 0.369746308
0.699443697 0.419780950
0.668305895 0.467757823
0.633861418 0.513441074
0.596280342 0.556605472
0.555749731 0.597039809
0.512469328 0.634544984
0.466653465 0.668937691
0.418528229 0.700049626
0.368330660 0.727728273
0.316308515 0.751839525
0.262717318 0.772264910
0.207821001 0.788906328
0.151888965 0.801682470
0.095195839 0.810532129
0.038019623 0.815413367
-0.019359591  0.816302647
-0.076660934  0.813197923
-0.133604086  0.806114275
-0.189910938  0.795088681
-0.245306438  0.780175239
-0.299520489  0.761448415
-0.352288901  0.739000627
-0.403354558  0.712942073
-0.452469459  0.683401518
-0.499394318  0.650522917
-0.543902095  0.614468373
-0.585776076  0.575413176
-0.624814254  0.533549028
-0.660827007  0.489079497
-0.693640786  0.442221760
-0.723097015  0.393203778
-0.749053684  0.342263972
-0.771386314  0.289650036
-0.789987049  0.235617156
-0.804767847  0.180427729
-0.815657084  0.124348920
-0.822604506  0.067652504
-0.825576294  0.010612606
-0.824560581 -0.046494994
-0.819562124 -0.103394481
-0.810607374 -0.159811391
-0.797739611 -0.215473581
-0.781022856 -0.270113112
-0.760538074 -0.323466833
-0.736385454 -0.375278359
-0.708681993 -0.425298672
-0.677562066 -0.473287739
-0.643176265 -0.519015486
-0.605690581 -0.562262747
-0.565286115 -0.602822788
-0.522157272 -0.640501396
-0.476512046 -0.675119112
-0.428569570 -0.706510361
-0.378560544 -0.734526265
-0.326724610 -0.759032926
-0.273310701 -0.779914864
-0.218574398 -0.797072417
-0.162777956 -0.810425429
-0.106188031 -0.819910384
-0.049075164 -0.825483904
0.008288049 -0.827119636
0.065627950 -0.824811776
0.122671202 -0.818571541
0.179146248 -0.808430611
0.234784234 -0.794437595
0.289320808 -0.776660797
0.342496768 -0.755185329
0.394059883 -0.730114634
0.443765540 -0.701568566
0.491378404 -0.669683841
0.536673012 -0.634612499
0.579435231 -0.596521800
0.619463259 -0.555593290
0.656567896 -0.512021313
0.690574728 -0.466013262
0.721323100 -0.417787093
0.748669344 -0.367572003
0.772484121 -0.315605338
0.792657103 -0.262133599
0.809092758 -0.207409172
0.821715899 -0.151691023
0.830466686 -0.095241895
0.835306250 -0.038328263
0.836211720 0.018781740
0.833180848 0.075819147
0.826228304 0.132515556
0.815388231 0.188604443
0.800712691 0.243822368
0.782271263 0.297910033
0.760152315 0.350614074
0.734459652 0.401687116
0.705315887 0.450890647
0.672857347 0.497993801
0.637238213 0.542777296
0.598625185 0.585031362
0.557200361 0.624559442
0.513157992 0.661177146
0.466704679 0.694714060
0.418058366 0.725014730
0.367446338 0.751937743
0.315105934 0.775359526
0.261281169 0.795170450
0.206223855 0.811280410
0.150190546 0.823614369
0.093442591 0.832116411
0.036244281 0.836748080
-0.021138206  0.837488232
-0.078438041  0.834335572
-0.135388910  0.827304498
-0.191726558  0.816429950
-0.247189507  0.801762563
-0.301520717  0.783371681
-0.354468753  0.761343968
-0.405788199  0.735781573
-0.455242383  0.706804989
-0.502602271  0.674548228
-0.547649757  0.639162119
-0.590177029  0.600810912
-0.629987868  0.559672340
-0.666899878  0.515937881
-0.700742447  0.469809330
-0.731361108  0.421500839
-0.758615064  0.371235446
-0.782379410  0.319245323
-0.802546378  0.265770758
-0.819022965  0.211057962
-0.831735366  0.155359378
-0.840625552  0.098931285
-0.845653480  0.042033302
-0.846797962 -0.015072981
-0.844053577 -0.072125288
-0.837434965 -0.128861802
-0.826973120 -0.185022347
-0.812716614 -0.240349460
-0.794732775 -0.294590111
-0.773103888 -0.347495830
-0.747930575 -0.398825012
-0.719328984 -0.448343318
-0.687430096 -0.495824338
-0.652381563 -0.541052276
-0.614343598 -0.583820637
-0.573490707 -0.623934781
-0.530010573 -0.661212959
-0.484101447 -0.695485051
-0.435973769 -0.726596282
-0.385847274 -0.754405680
-0.333950434 -0.778786851
-0.280520355 -0.799630713
-0.225800164 -0.816842716
-0.170038990 -0.830345413
-0.113490657 -0.840079303
-0.056411990 -0.846000145
0.000937682 -0.848082527
0.058298148 -0.846318388
0.115409262 -0.840715766
0.172012316 -0.831301916
0.227851087 -0.818120323
0.282672770 -0.801230977
0.336229860 -0.780712229
0.388280331 -0.756657304
0.438589077 -0.729175536
0.486929751 -0.698392823
0.533084212 -0.664448363
0.576844579 -0.627496095
0.618014697 -0.587704164
0.656409029 -0.545252051
0.691855295 -0.500331842
0.724195226 -0.453146918
0.753283349 -0.403909763
0.778989733 -0.352842569
0.801200284 -0.300175714
0.819815280 -0.246145971
0.834752198 -0.190996532
0.845945558 -0.134975424
0.853345264 -0.078334088
0.856919274 -0.021326823
0.856653200 0.035790718
0.852548409 0.092762600
0.844624375 0.149333658
0.832918249 0.205250916
0.817482624 0.260264257
0.798387442 0.314127840
0.775719721 0.366601521
0.749581007 0.417451040
0.720088718 0.466449627
0.687376028 0.513379542
0.651589218 0.558031765
0.612888314 0.600207518
0.571447104 0.639720062
0.527450596 0.676393957
0.481094961 0.710066259
0.432587388 0.740588369
0.382144150 0.767825547
0.329989588 0.791656955
0.276355979 0.811977824
0.221481964 0.828699336
0.165611140 0.841747578
0.108991607 0.851065512
0.051874649 0.856613484
-0.005486630  0.858367439
-0.062838106  0.856320211
-0.119925918  0.850482322
-0.176497637  0.840880672
-0.232303144  0.827558113
-0.287095969  0.810574602
-0.340634515  0.790006588
-0.392682588  0.765945342
-0.443010689  0.738497659
-0.491397562  0.707786021
-0.537630382  0.673946542
-0.581505691  0.637128749
-0.622830859  0.597495644
-0.661425045  0.555222794
-0.697118797  0.510496490
-0.729755634  0.463513905
-0.759193235  0.414482390
-0.785303224  0.363617885
-0.807971346  0.311143961
-0.827098897  0.257291348
-0.842603418  0.202296808
-0.854417604  0.146401624
-0.862490241  0.089850916
-0.866787036  0.032892613
-0.867290594 -0.024223823
-0.863999261 -0.081248471
-0.856928110 -0.137931896
-0.846109292 -0.194026400
-0.831591293 -0.249287138
-0.813438008 -0.303472907
-0.791729423 -0.356347354
-0.766561464 -0.407680236
-0.738044888 -0.457248219
-0.706304438 -0.504835509
-0.671479080 -0.550235157
-0.633721549 -0.593250262
-0.593196939 -0.633694316
-0.550081920 -0.671391755
-0.504564540 -0.706179230
-0.456843433 -0.737906568
-0.407126447 -0.766436842
-0.355629705 -0.791646647
-0.302577105 -0.813427311
-0.248199235 -0.831685420
-0.192732189 -0.846342923
-0.136416454 -0.857336881
-0.079496130 -0.864620379
-0.022217816 -0.868162990
0.035170594 -0.867950615
0.092420937 -0.863984817
0.149285748 -0.856283432
0.205519414 -0.844880704
0.260879354 -0.829827146
0.315126843 -0.811188459
0.368028056 -0.789045715
0.419355133 -0.763495161
0.468887374 -0.734648027
0.516411947 -0.702629472
0.561724562 -0.667577859
0.604630657 -0.629644702
0.644946270 -0.588993937
0.682498944 -0.545801215
0.717127884 -0.500252637
0.748684886 -0.452544290
0.777035138 -0.402881515
0.802057914 -0.351478001
0.823646902 -0.298554706
0.841710154 -0.244338757
0.856170995 -0.189062753
0.866968319 -0.132963717
0.874057019 -0.076282051
0.877407762 -0.019260398
0.877006871 0.037857328
0.872856869 0.094826921
0.864976371 0.151404970
0.853400182 0.207349981
0.838178629 0.262423345
0.819377312 0.316390254
0.797077201 0.369020785
0.771374200 0.420090899
0.742378795 0.469383465
0.710215304 0.516689073
0.675021192 0.561806736
0.636946886 0.604544991
0.596154952 0.644722612
0.552819514 0.682169515
0.507125389 0.716727428
0.459267037 0.748250172
0.409448022 0.776604544
0.357880202 0.801671044
0.304782643 0.823344091
0.250380855 0.841532913
0.194905543 0.856161190
0.138591820 0.867167708
0.081678226 0.874506672
0.024405685 0.878147915
-0.032983536  0.878076947
-0.090246889  0.874295205
-0.147142510  0.866819261
-0.203430252  0.855681586
-0.258872679  0.840929975
-0.313236065  0.822627438
-0.366291511  0.800852194
-0.417815788  0.775696896
-0.467592127  0.747268096
-0.515411348  0.715686270
-0.561072641  0.681085059
-0.604384431  0.643610735
-0.645165155  0.603421543
-0.683244123  0.560687110
-0.718461969  0.515587480
-0.750671430  0.468312519
-0.779738000  0.419061125
-0.805540459  0.368040364
-0.827971404  0.315464599
-0.846937734  0.261554572
-0.862360795  0.206536395
-0.874176743  0.150640652
-0.882336930  0.094101477
-0.886808048  0.037155539
-0.887572248 -0.019958951
-0.884627250 -0.077003248
-0.877986318 -0.133739093
-0.867677984 -0.189929677
-0.853746009 -0.245340596
-0.836249326 -0.299740860
-0.815261772 -0.352903881
-0.790871592 -0.404608359
-0.763181203 -0.454639247
-0.732306659 -0.502788600
-0.698377297 -0.548856541
-0.661534869 -0.592651854
-0.621933150 -0.633992863
-0.579737451 -0.672708372
-0.535123646 -0.708638123
-0.488277495 -0.741633473
-0.439394070 -0.771558315
-0.388676575 -0.798289129
-0.336335771 -0.821715877
-0.282588912 -0.841742087
-0.227659012 -0.858285618
-0.171773797 -0.871278683
-0.115164825 -0.880668371
-0.058066464 -0.886416562
-0.000714970 -0.888500454
0.056652547 -0.886912231
0.113799069 -0.881659313
0.170488651 -0.872764197
0.226487372 -0.860264363
0.281564337 -0.844212232
0.335492606 -0.824674810
0.388050113 -0.801733398
0.439020598 -0.775483296
0.488194523 -0.746033426
0.535369877 -0.713505756
0.580352994 -0.678034814
0.622959332 -0.639767123
0.663014256 -0.598860626
0.700353739 -0.555484017
0.734825018 -0.509816016
0.766287213 -0.462044637
0.794611872 -0.412366391
0.819683525 -0.360985491
0.841400125 -0.308112992
0.859673450 -0.253965916
0.874429413 -0.198766345
0.885608360 -0.142740521
0.893165330 -0.086117923
0.897070207 -0.029130321
0.897307848 0.027989176
0.893878088 0.085007077
0.886795765 0.141690463
0.876090605 0.197807935
0.861807120 0.253130560
0.844004383 0.307432804
0.822755807 0.360493453
0.798148777 0.412096505
0.770284275 0.462032023
0.739276489 0.510096995
0.705252365 0.556096185
0.668351003 0.599842872
0.628723106 0.641159603
0.586530418 0.679878980
0.541944938 0.715844209
0.495148301 0.748909821
0.446330997 0.778942217
0.395691572 0.805820164
0.343435866 0.829435372
0.289776097 0.849692775
0.234930065 0.866511062
0.179120198 0.879822820
0.122572702 0.889574930
0.065516612 0.895728711
0.008182868 0.898260011
-0.049196612  0.897159437
-0.106389883  0.892432205
-0.163165900  0.884098211
-0.219295463  0.872191924
-0.274552127  0.856762171
-0.328713113  0.837871977
-0.381560223  0.815598313
-0.432880679  0.790031688
-0.482468017  0.761275872
-0.530122868  0.729447373
-0.575653789  0.694675021
-0.618878014  0.657099404
-0.659622158  0.616872277
-0.697722940  0.574155976
-0.733027799  0.529122726
-0.765395506  0.481953946
-0.794696715  0.432839511
-0.820814480  0.381976990
-0.843644704  0.329570831
-0.863096538  0.275831543
-0.879092737  0.220974840
-0.891569953  0.165220772
-0.900478968  0.108792844
-0.905784896  0.051917110
-0.907467282 -0.005178729
-0.905520170 -0.062266241
-0.899952128 -0.119117174
-0.890786194 -0.175504367
-0.878059775 -0.231202667
-0.861824430 -0.285989807
-0.842145748 -0.339647314
-0.819102936 -0.391961338
-0.792788663 -0.442723565
-0.763308484 -0.491731955
-0.730780578 -0.538791632
-0.695335120 -0.583715561
-0.657113867 -0.626325368
-0.616269512 -0.666451991
-0.572965081 -0.703936351
-0.527373267 -0.738629965
-0.479675753 -0.770395542
-0.430062488 -0.799107544
-0.378730875 -0.824652590
-0.325885032 -0.846929982
-0.271734939 -0.865852015
-0.216495626 -0.881344381
-0.160386294 -0.893346383
-0.103629458 -0.901811225
-0.046450047 -0.906706110
0.010925472 -0.908012411
0.068270002 -0.905725759
0.125356721 -0.899855952
0.181959961 -0.890426933
0.237856115 -0.877476744
0.292824515 -0.861057301
0.346648279 -0.841234143
0.399115215 -0.818086286
0.450018577 -0.791705718
0.499157956 -0.762197198
0.546339996 -0.729677698
0.591379185 -0.694275997
0.634098587 -0.656132165
0.674330483 -0.615396945
0.711917065 -0.572231201
0.746711025 -0.526805254
0.778576139 -0.479298208
0.807387775 -0.429897230
0.833033376 -0.378796810
0.855412888 -0.326197990
0.874439145 -0.272307565
0.890038193 -0.217337272
0.902149566 -0.161502946
0.910726507 -0.105023676
0.915736150 -0.048120941
0.917159614 0.008982263
0.914992080 0.066062294
0.909242775 0.122895740
0.899934940 0.179260294
0.887105729 0.234935626
0.870806018 0.289704232
0.851100237 0.343352296
0.828066047 0.395670501
0.801794085 0.446454865
0.772387551 0.495507512
0.739961820 0.542637454
0.704643944 0.587661299
0.666572195 0.630404002
0.625895482 0.670699508
0.582772750 0.708391381
0.537372396 0.743333454
0.489871533 0.775390293
0.440455379 0.804437835
0.389316455 0.830363751
0.336653865 0.853067927
0.282672512 0.872462834
0.227582288 0.888473834
0.171597260 0.901039472
0.114934839 0.910111721
0.057814920 0.915656094
0.000459043 0.917651828
-0.056910476  0.916091926
-0.114071406  0.910983159
-0.170802463  0.902346036
-0.226884162  0.890214725
-0.282099671  0.874636876
-0.336235631  0.855673430
-0.389082999  0.833398397
-0.440437837  0.807898531
-0.490102097  0.779272984
-0.537884368  0.747632899
-0.583600640  0.713101018
-0.627074976  0.675811142
-0.668140186  0.635907625
-0.706638483  0.593544815
-0.742422051  0.548886431
-0.775353628  0.502104939
-0.805307013  0.453380870
-0.832167532  0.402902118
-0.855832493  0.350863221
-0.876211559  0.297464595
-0.893227073  0.242911760
-0.906814358  0.187414543
-0.916921929  0.131186264
-0.923511688  0.074442923
-0.926559065  0.017402362
-0.926053089 -0.039716569
-0.921996426 -0.096694853
-0.914405339 -0.153314144
-0.903309616 -0.209357605
-0.888752454 -0.264610733
-0.870790275 -0.318862181
-0.849492494 -0.371904559
-0.824941226 -0.423535221
-0.797231010 -0.473557053
-0.766468431 -0.521779235
-0.732771584 -0.568017892
-0.696269751 -0.612096861
-0.657102853 -0.653848351
-0.615420824 -0.693113485
-0.571383177 -0.729743037
-0.525158262 -0.763597870
-0.476922675 -0.794549516
-0.426860573 -0.822480655
-0.375162939 -0.847285494
-0.322026892 -0.868870249
-0.267654912 -0.887153471
-0.212254035 -0.902066265
-0.156035104 -0.913552687
-0.099211906 -0.921569680
-0.042000429 -0.926087564
0.015382016 -0.927089838
0.072717587 -0.924573382
0.129788756 -0.918548486
0.186379119 -0.909038650
0.242274207 -0.896080565
0.297262341 -0.879724095
0.351135416 -0.860031921
0.403689660 -0.837079261
0.454726399 -0.810953608
0.504052856 -0.781754482
0.551482810 -0.749592910
0.596837327 -0.714591065
0.639945414 -0.676881772
0.680644641 -0.636607991
0.718781770 -0.593922294
0.754213390 -0.548986323
0.786806387 -0.501970096
0.816438404 -0.453051349
0.842998312 -0.402414876
0.866386620 -0.350251836
0.886515841 -0.296759027
0.903310796 -0.242138135
0.916708854 -0.186594974
0.926660274 -0.130338734
0.933128406 -0.073581167
0.936089640 -0.016535755
0.935533531 0.040583069
0.931462848 0.097560720
0.923893569 0.154183269
0.912854719 0.210238229
0.898388384 0.265515360
0.880549506 0.319807469
0.859405705 0.372911211
0.835036859 0.424627792
0.807534933 0.474763760
0.777003529 0.523131682
0.743557475 0.569550814
0.707322488 0.613847829
0.668434617 0.655857408
0.627039769 0.695422879
0.583293275 0.732396963
0.537359009 0.766642014
0.489408939 0.798030680
0.439622453 0.826446335
0.388185674 0.851783482
0.335290777 0.873948143
0.281135286 0.892858237
0.225921361 0.908444041
0.169854932 0.920648170
0.113144964 0.929425797
0.056002707 0.934744940
-0.001359107  0.936586401
-0.058727032  0.934943917
-0.115887709  0.929824268
-0.172628696  0.921247272
-0.228739256  0.909245522
-0.284011111  0.893864256
-0.338239203  0.875161194
-0.391222449  0.853206343
-0.442764458  0.828081688
-0.492674367  0.799881095
-0.540767524  0.768709806
-0.586866081  0.734683914
-0.630799659  0.697929986
-0.672405974  0.658584608
-0.711531379  0.616793835
-0.748031542  0.572712765
-0.781772084  0.526504990
-0.812628847  0.478341780
-0.840488337  0.428401487
-0.865248183  0.376868919
-0.886817445  0.323934648
-0.905117000  0.269794339
-0.920080119  0.214648084
-0.931652338  0.158699504
-0.939791613  0.102155023
-0.944468564  0.045223153
-0.945666503 -0.011886275
-0.943381577 -0.068962860
-0.937623073 -0.125796462
-0.928412926 -0.182177990
-0.915785651 -0.237900134
-0.899788269 -0.292758104
-0.880480089 -0.346550352
-0.857932666 -0.399079368
-0.832229664 -0.450152526
-0.803466079 -0.499582607
-0.771748027 -0.547188498
-0.737192372 -0.592795840
-0.699926237 -0.636237596
-0.660086892 -0.677354972
-0.617820970 -0.715997865
-0.573283726 -0.752025171
-0.526638654 -0.785305441
-0.478056796 -0.815717197
-0.427716291 -0.843149620
-0.375801763 -0.867503172
-0.322503328 -0.888689432
-0.268016023 -0.906631536
-0.212539106 -0.921264405
-0.156275370 -0.932535019
-0.099430463 -0.940403111
-0.042211954 -0.944840739
0.015171371 -0.945832335
0.072510229 -0.943374807
0.129595557 -0.937477523
0.186219362 -0.928162824
0.242175507 -0.915465470
0.297260391 -0.899432307
0.351273655 -0.880122219
0.404018835 -0.857605811
0.455304364 -0.831965791
0.504944166 -0.803296173
0.552758138 -0.771701668
0.598572853 -0.737297503
0.642222094 -0.700208945
0.683547917 -0.660571346
0.722400952 -0.618529182
0.758640702 -0.574235361
0.792136122 -0.527850820
0.822766043 -0.479543962
0.850420268 -0.429490399
0.874999345 -0.377871827
0.896414791 -0.324875380
0.914589462 -0.270693055
0.929458017 -0.215521111
0.940967694 -0.159559412
0.949077563 -0.103010413
0.953758838 -0.046078557
0.954994928 0.011030399
0.952782070 0.068110119
0.947129283 0.124954559
0.938057542 0.181358656
0.925600022 0.237118999
0.909801963 0.292034508
0.890721359 0.345907461
0.868427676 0.398543993
0.843001725 0.449754727
0.814535319 0.499355351
0.783131539 0.547167587
0.748904295 0.593019971
0.711977149 0.636747953
0.672483174 0.678194549
0.630564614 0.717210971
0.586372878 0.753657820
0.540067124 0.787404761
0.491813875 0.818331032
0.441786464 0.846325781
0.390164889 0.871289349
0.337134688 0.893133067
0.282886139 0.911779101
0.227613755 0.927160828
0.171515799 0.939223786
0.114793403 0.947925840
0.057649663 0.953236369
0.000289110 0.955136675
-0.057082980  0.953620405
-0.114261457  0.948694149
-0.171042034  0.940376167
-0.227221856  0.928696420
-0.282600258  0.913697028
-0.336979777  0.895432674
-0.390166579  0.873969210
-0.441971014  0.849383485
-0.492208351  0.821763453
-0.540700038  0.791208695
-0.587273652  0.757828675
-0.631763448  0.721742562
-0.674011065  0.683079104
-0.713866900  0.641976895
-0.751189652  0.598582676
-0.785846758  0.553051000
-0.817715112  0.505544000
-0.846682456  0.456231305
-0.872646459  0.405288465
-0.895515088  0.352896551
-0.915207389  0.299241815
-0.931654666  0.244515201
-0.944799158  0.188911042
-0.954594373  0.132626624
-0.961006034  0.075861700
-0.964012697  0.018817647
-0.963604218 -0.038303423
-0.959782089 -0.095299147
-0.952560618 -0.151967675
-0.941966515 -0.208108572
-0.928037668 -0.263523313
-0.910823328 -0.318015827
-0.890385455 -0.371393705
-0.866797162 -0.423468647
-0.840142016 -0.474056787
-0.810514281 -0.522979422
-0.778019757 -0.570064475
-0.742773681 -0.615146200
-0.704900427 -0.658065546
-0.664534038 -0.698671424
-0.621817777 -0.736821591
-0.576902438 -0.772381941
-0.529946260 -0.805227100
-0.481115301 -0.835242225
-0.430581992 -0.862322539
-0.378524216 -0.886372863
-0.325125264 -0.907308687
-0.270573500 -0.925057720
-0.215060823 -0.939558109
-0.158782327 -0.950758781
-0.101935983 -0.958621236
-0.044721569 -0.963119030
0.012660082 -0.964236561
0.070007515 -0.961969929
0.127119561 -0.956328556
0.183796060 -0.947332834
0.239838273 -0.935014145
0.295049911 -0.919416536
0.349237916 -0.900595803
0.402212598 -0.878617946
0.453788462 -0.853560008
0.503785659 -0.825511056
0.552029602 -0.794569625
0.598351418 -0.760843745
0.642589801 -0.724452287
0.684590857 -0.685523191
0.724207826 -0.644192380
0.761302586 -0.600604519
0.795746785 -0.554912728
0.827420458 -0.507276549
0.856212945 -0.457862130
0.882025145 -0.406842593
0.904767687 -0.354396014
0.924361035 -0.300705064
0.940737944 -0.245957223
0.953842465 -0.190343404
0.963628830 -0.134057149
0.970063425 -0.077294488
0.973125367 -0.020253037
0.972804117 0.036868904
0.969100721 0.093872689
0.962029703 0.150560308
0.951616026 0.206734973
0.937895535 0.262201497
0.920917326 0.316767641
0.900741029 0.370244352
0.877436261 0.422445960
0.851084922 0.473191841
0.821779341 0.522306659
0.789620740 0.569620031
0.754721224 0.614968434
0.717202701 0.658195682
0.677194898 0.699152059
0.634836555 0.737695999
0.590275304 0.773695390
0.543665135 0.807025710
0.495167304 0.837571779
0.444950299 0.865229441
0.393187606 0.889903325
0.340057959 0.911508015
0.285745457 0.929970556
0.230437537 0.945227529
0.174324965 0.957225934
0.117601654 0.965926129
0.060463118 0.971298524
0.003106284 0.973324148
-0.054271156  0.971997779
-0.111471706  0.967324432
-0.168298361  0.959319767
-0.224555753  0.948012991
-0.280050534  0.933443495
-0.334591678  0.915660920
-0.387992183  0.894728050
-0.440068800  0.870717267
-0.490642365  0.843710625
-0.539539984  0.813802418
-0.586594091  0.781095655
-0.631642883  0.745702234
-0.674532911  0.707745022
-0.715117377  0.667354392
-0.753256788  0.624668557
-0.788821821  0.579835073
-0.821690838  0.533007593
-0.851750958  0.484346369
-0.878900901  0.434019015
-0.903047782  0.382197706
-0.924108835  0.329059756
-0.942013782  0.274787593
-0.956701244  0.219566651
-0.968121165  0.163585785
-0.976236307  0.107036596
-0.981018472  0.050112112
-0.982451922 -0.006993178
-0.980533333 -0.064084371
-0.975268596 -0.120966667
-0.966676738 -0.177446076
-0.954788280 -0.233330281
-0.939642920 -0.288428606
-0.921293849 -0.342553682
-0.899804243 -0.395521471
-0.875246614 -0.447151296
-0.847706337 -0.497268217
-0.817277260 -0.545701875
-0.784062605 -0.592287256
-0.748177018 -0.636867153
-0.709742132 -0.679289831
-0.668888846 -0.719411286
-0.625757177 -0.757096535
-0.580493026 -0.792216998
-0.533250842 -0.824654346
-0.484191530 -0.854299487
-0.433481089 -0.881051093
-0.381292400 -0.904820061
-0.327802453 -0.925526164
-0.273192415 -0.943098774
-0.217647939 -0.957480346
-0.161356961 -0.968621755
-0.104510220 -0.976485689
-0.047300292 -0.981047255
0.010079351 -0.982290042
0.067434550 -0.980211395
0.124571503 -0.974819098
0.181296974 -0.966130635
0.237419619 -0.954177486
0.292749878 -0.938999675
0.347100927 -0.920648727
0.400289954 -0.899188302
0.452137113 -0.874689864
0.502468142 -0.847237486
0.551113748 -0.816924320
0.597909532 -0.783851969
0.642699081 -0.748133668
0.685331226 -0.709889272
0.725662725 -0.669248028
0.763559022 -0.626347849
0.798891746 -0.581332380
0.831543558 -0.534354292
0.861404847 -0.485571598
0.888374936 -0.435148202
0.912365103 -0.383254542
0.933293823 -0.330064504
0.951092100 -0.275757294
0.965701020 -0.220515423
0.977070760 -0.164524142
0.985165423 -0.107971754
0.989957111 -0.051047779
0.991430634 0.006056784
0.989582401 0.063150571
0.984417533 0.120042215
0.975955608 0.176541345
0.964224445 0.232458767
0.949263822 0.287607344
0.931125375 0.341803023
0.909868649 0.394864120
0.885566819 0.446614003
0.858300750 0.496879583
0.828161910 0.545492991
0.795252432 0.592292786
0.759681217 0.637121956
0.721568808 0.679832218
0.681042034 0.720280796
0.638236467 0.758333010
0.593295925 0.793863217
0.546369506 0.826751994
0.497614980 0.856891628
0.447194397 0.884181178
0.395276109 0.908530364
0.342033517 0.929859393
0.287643468 0.948096240
0.232287724 0.963182532
0.176150113 0.975067122
0.119417636 0.983711737
0.062278936 0.989088479
0.004923877 0.991178754
-0.052456946  0.989977966
-0.109672958  0.985488787
-0.166534322  0.977728057
-0.222852406  0.966721557
-0.278440297  0.952505801
-0.333114169  0.935129813
-0.386692315  0.914649900
-0.438998022  0.891136232
-0.489857668  0.864665907
-0.539103247  0.835327591
-0.586572255  0.803219226
-0.632107085  0.768446475
-0.675558543  0.731126283
-0.716781951  0.691381005
-0.755642496  0.649343670
-0.792011459  0.605152930
-0.825769035  0.558955215
-0.856804895  0.510903935
-0.885015602  0.461157228
-0.910310229  0.409880557
-0.932604021  0.357242520
-0.951825325  0.303417623
-0.967910500  0.248583250
-0.980806938  0.192920384
-0.990473554  0.136612768
-0.996877442  0.079845799
-1.000000000  0.022806729
-0.999829469 -0.034316705
-0.996368643 -0.091336437
-0.989628367 -0.148064843
-0.979631612 -0.204315341
-0.966412321 -0.259903185
-0.950013227 -0.314645409
-0.930490447 -0.368362788
-0.907906677 -0.420878302
-0.882338474 -0.472020470
-0.853868703 -0.521620872
-0.822592290 -0.569517493
-0.788611933 -0.615553285
-0.752039231 -0.659577276
-0.712995343 -0.701446178
-0.671607445 -0.741021941
-0.628012912 -0.778176709
-0.582353520 -0.812787550
-0.534780349 -0.844743113
-0.485448496 -0.873937873
-0.434520279 -0.900277644
-0.382162336 -0.923676381
-0.328546044 -0.944057716
-0.273847199 -0.961356402
-0.218244333 -0.975514955
-0.161919714 -0.986489477
-0.105057026 -0.994242512
-0.047842329 -0.998751419
0.009537738 -1.000000000
0.066895841 -0.997986358
0.124044870 -0.992716408
0.180798504 -0.984208451
0.236971833 -0.972490750
0.292381710 -0.957601405
0.346848069 -0.939590531
0.400193136 -0.918515786
0.452244136 -0.894448056
0.502830928 -0.867464201
0.551790211 -0.837654460
0.598961859 -0.805114397
0.644193864 -0.769951866
0.687338500 -0.732280281
0.728046853 -0.692035043
0.763088459 -0.646950214
0.789789407 -0.596512304
0.807537552 -0.542294209
0.816023940 -0.485887249
0.815257674 -0.428843088
0.805543755 -0.372604696
0.787437315 -0.318446081
0.761684750 -0.267429227
0.729159679 -0.220380393
0.690800332 -0.177884727
0.647553467 -0.140296221
0.600327970 -0.107759005
0.549959660 -0.080235724
0.497187224 -0.057539086
0.442638053 -0.039363425
0.386821877 -0.025313877
0.330128950 -0.014931755
0.272827090 -0.007715374
0.215042477 -0.003136214
0.156659106 -0.000651228
0.096511399 0.000284118
0.037411278 0.001219471
-0.017970594  0.014912798
-0.061189691  0.049778772
-0.093497668  0.099302432
-0.116146178  0.156968821
-0.130367220  0.216770527
-0.137236675  0.276730914
-0.137755978  0.336795512
-0.132926104  0.396921690
-0.123740866  0.457044477
-0.111065470  0.516697887
-0.095653880  0.575069065
-0.078256395  0.631333720
-0.059621763  0.684661877
-0.040405891  0.733882572
-0.021120776  0.777296307
-0.002266037  0.813158119
0.015658766 0.839723445
0.032211153 0.855646061
0.047112840 0.860725566
0.060114890 0.854966325
0.070968361 0.838372707
0.079453658 0.811156403
0.085515381 0.774689228
0.089155211 0.730746309
0.090374888 0.681103178
0.089188531 0.627486667
0.085754165 0.571057469
0.080322661 0.512611028
0.073146438 0.452936700
0.064481582 0.392813373
0.054695418 0.332702481
0.044283881 0.272698444
0.033750066 0.212875239
0.023597530 0.153318642
0.014404274 0.096030526
0.006904417 0.047030807
0.001851733 0.012845345
0.000000000 0.000000000